%YAML:1.0
undist_normed_curr: !!opencv-matrix
   rows: 2
   cols: 166
   dt: f
   data: [ -4.91653055e-01, -4.99604464e-01, -4.91327643e-01,
       -6.08054161e-01, -4.91005301e-01, -4.82744783e-01,
       -4.74498510e-01, -5.82436860e-01, -5.65636694e-01,
       -5.40531218e-01, -5.32189131e-01, -5.23860633e-01,
       -4.90686178e-01, -4.82428104e-01, -6.07397497e-01,
       -5.82107961e-01, -5.48559368e-01, -5.40204883e-01,
       -5.31864047e-01, -5.06925106e-01, -4.82114881e-01,
       -6.07072711e-01, -5.98630726e-01, -5.64982414e-01,
       -5.56602120e-01, -7.23954022e-01, -7.32272625e-01,
       -7.22904563e-01, -7.39855289e-01, -7.22650707e-01,
       -7.30760992e-01, -7.64353931e-01, -7.64145672e-01,
       -7.54108667e-01, -7.11411297e-01, -7.02917933e-01,
       -7.19623148e-01, -7.11123168e-01, -7.02623606e-01,
       -7.10542619e-01, -7.78360784e-01, -7.10250974e-01,
       -7.78124392e-01, -6.84096634e-01, -6.66760266e-01,
       -7.43249893e-01, -7.42980480e-01, -7.64566481e-01,
       -3.20495844e-01, -3.12523961e-01, -3.92543018e-01,
       -3.76385629e-01, -5.39881766e-01, -5.14905453e-01,
       -5.06608546e-01, -4.98326123e-01, -4.90058362e-01,
       -4.81805265e-01, -4.73566949e-01, -4.65343446e-01,
       -4.40761864e-01, -5.98308086e-01, -5.89877307e-01,
       -5.64660013e-01, -5.56280434e-01, -5.47914386e-01,
       -5.39562166e-01, -5.31223953e-01, -4.98015404e-01,
       -4.89749998e-01, -4.81499434e-01, -4.73263830e-01,
       -6.06431544e-01, -5.97988486e-01, -5.89557469e-01,
       -5.72733402e-01, -5.64341068e-01, -5.47597170e-01,
       -5.30909419e-01, -4.32027072e-01, -6.06115639e-01,
       -5.97672164e-01, -6.14259124e-01, -5.97359359e-01,
       -5.97050250e-01, -3.49887252e-01, -6.94741011e-01,
       -9.59465146e-01, -8.72143149e-01, -9.69013810e-01,
       -9.53137398e-01, -9.45149422e-01, -9.69131887e-01,
       -9.37182307e-01, -9.29115534e-01, -9.61285830e-01,
       -9.37225699e-01, -9.29143131e-01, -9.04722929e-01,
       -8.96529078e-01, -9.29161906e-01, -9.21034396e-01,
       -9.12878752e-01, -9.04695988e-01, -8.96487355e-01,
       -9.29172158e-01, -9.21029449e-01, -9.12858784e-01,
       -9.04661238e-01, -8.96438003e-01, -9.29174304e-01,
       -9.21016574e-01, -9.12831068e-01, -9.04618979e-01,
       -9.04569626e-01, -8.29542220e-01, -8.21118295e-01,
       -8.96247923e-01, -8.46198857e-01, -8.37792873e-01,
       -8.29371750e-01, -8.20936739e-01, -8.20751250e-01,
       -8.29018652e-01, -8.20562243e-01, -8.37290585e-01,
       -8.37116003e-01, -8.19373310e-01, -8.53024364e-01,
       -8.36017847e-01, -8.27496350e-01, -8.17534208e-01,
       -8.16179156e-01, -9.10408497e-01, -8.93366873e-01,
       -8.84819567e-01, -8.67679417e-01, -7.90075302e-01,
       -9.10298586e-01, -8.67534459e-01, -8.15817833e-01,
       -8.07175457e-01, -7.98530042e-01, -7.89882839e-01,
       -9.10189867e-01, -9.01663661e-01, -8.93119276e-01,
       -8.67391884e-01, -8.24285388e-01, -8.15642536e-01,
       -8.06995630e-01, -7.98345864e-01, -8.92998278e-01,
       -8.06819856e-01, -7.98165917e-01, -7.89510727e-01,
       -7.80855358e-01, -8.06648254e-01, -7.97990382e-01,
       -7.89331436e-01, -7.80672550e-01, -7.97819436e-01,
       -7.89156914e-01, -7.80494630e-01, -7.71833897e-01,
       -9.34594810e-01, -4.52328444e-01, -4.44432557e-01,
       -4.44107533e-01, -4.40515935e-01, -4.35900062e-01,
       -4.35580492e-01, -4.35263395e-01, -4.31294054e-01,
       -4.30633545e-01, -4.29645985e-01, -4.29318637e-01,
       -4.28992629e-01, -4.27706033e-01, -4.27389801e-01,
       -4.24059719e-01, -4.23078716e-01, -4.21770662e-01,
       -4.21445340e-01, -4.21121180e-01, -4.20157909e-01,
       -4.19212759e-01, -4.15847301e-01, -4.15523499e-01,
       -4.14225727e-01, -4.13901985e-01, -3.54535341e-01,
       -3.46629202e-01, -3.21900845e-01, -3.14258099e-01,
       -3.13760817e-01, -2.97745258e-01, -2.66165674e-01,
       -2.58052170e-01, -4.95250732e-01, -4.85632658e-01,
       -4.85342205e-01, -4.77640361e-01, -4.77354527e-01,
       -4.77062523e-01, -4.60815787e-01, -4.54681069e-01,
       -4.52555716e-01, -4.46437120e-01, -4.35157210e-01,
       -4.26301956e-01, -4.20705825e-01, -4.12478030e-01,
       -2.74285227e-01, -4.29922462e-01, -4.29686010e-01,
       -4.24115479e-01, -4.23569232e-01, -4.13257003e-01,
       -4.12299275e-01, -4.11983520e-01, -4.11669791e-01,
       -4.11358327e-01, -4.11049306e-01, -4.10742879e-01,
       -4.10439253e-01, -4.09546614e-01, -4.07324523e-01,
       -4.07003194e-01, -4.06039357e-01, -4.05718982e-01,
       -4.05399412e-01, -4.05080944e-01, -4.04763788e-01,
       -4.03512210e-01, -4.03204560e-01, -4.02899384e-01,
       -4.02596861e-01, -3.99454206e-01, -3.99136394e-01,
       -3.98818284e-01, -3.98182184e-01, -3.97864670e-01,
       -3.97231966e-01, -3.96603823e-01, -3.93017083e-01,
       -3.91273588e-01, -3.90959114e-01, -3.83414119e-01,
       -3.82792681e-01, -3.74637127e-01, -3.42275351e-01,
       -2.40188792e-01, -6.02525175e-01, -5.54996550e-01,
       -5.21946013e-01, -5.22159398e-01, -5.22241354e-01,
       -5.13862610e-01, -5.14184058e-01, -5.14224112e-01,
       -5.05867124e-01, -5.06055355e-01, -5.06086290e-01,
       -5.06086111e-01, -5.06055772e-01, -4.97943401e-01,
       -4.97950166e-01, -4.97941703e-01, -4.97918218e-01,
       -4.97879952e-01, -4.89795834e-01, -4.89794403e-01,
       -4.89777982e-01, -4.89746720e-01, -4.89700913e-01,
       -4.81644034e-01, -4.81634736e-01, -4.81610656e-01,
       -4.81572002e-01, -4.73394454e-01, -4.72381055e-01,
       -4.72207189e-01, -4.65148181e-01, -4.64474201e-01,
       -4.64318663e-01, -4.64151651e-01, -4.63973522e-01,
       -4.55741435e-01, -4.47696745e-01, -4.47511226e-01,
       -4.39650148e-01, -4.31430429e-01, -3.98185104e-01,
       -3.82520378e-01, -3.82162958e-01, -3.81970644e-01,
       -3.24447662e-01, -2.67353952e-01, -2.60845602e-01,
       -2.60609657e-01, -2.60480672e-01, -2.60201931e-01,
       -2.58653551e-01, -2.52687335e-01, -2.52052069e-01,
       -2.51084775e-01, -2.50905275e-01, -2.50721216e-01,
       -2.50532895e-01, -2.44531423e-01, -2.44419783e-01,
       -2.44301155e-01, -2.43905649e-01, -2.43128315e-01,
       -2.42957279e-01, -2.42781654e-01, -2.42601648e-01,
       -2.36151129e-01, -2.34662890e-01, -2.34487116e-01,
       -2.34307408e-01, -2.34123990e-01, -2.26548910e-01,
       -2.26377562e-01, -2.26202443e-01, -2.26023763e-01,
       -2.18272880e-01, -2.18102515e-01, -2.17928767e-01,
       -2.17751846e-01, -1.30787134e-01 ]
